000000000000000
000000000000000
000011000000000
000011000000000
000000000000000
000000000000001
000000000000001
000000000000001
000000000000000
000000000000000
000000000000000
100000000000011
000000000000000
000000000000000
000000000000000

000000000000000
000000000000000
000011000000000
000011000000000
000000000000000
000000000000000
100000000000011
000000000000000
000000000000000
000000000000000
000000000000001
000000000000001
000000000000001
000000000000000
000000000000000

000000000011111
000000000000011
000011110000000
000000011100000
000000000000000
000000000000000
000001100000000
000001100000000
000000000011100
000100000010100
001110001110100
000010000000100
000000011100000
000000000000000
000000000000000

000000000001101
000001100001001
000001110000000
000001011000000
000000001000000
000000000000000
000001100000000
000001100001000
000000000010100
001110000000110
001010000110110
000010010011000
000000001000000
000000001000000
000000000001110

101000000001000
011000000001000
010000000000000
000000000000000
000000000011100
000000000001110
000000000000000
000000000000000
000000000000000
000000000000000
011000000000000
010100000000000
001000000000000
000000000000000
000000000001000

001000000011100
101000000000000
011000000000000
000000000001000
000000000010010
000000000010010
000000000000100
000000000000000
000000000000000
000000000000000
011000000000000
010100000000000
001000000000000
000000000000000
000000000000000

